Datetime,Open,High,Low,Close,Volume
2025-05-14 13:24:00+00:00,0.8804,0.8804,0.71,0.745,14250.0
2025-05-14 13:26:00+00:00,0.745,0.7499,0.745,0.7499,2786.0
2025-05-14 13:28:00+00:00,0.7063,0.78,0.7063,0.7566,15596.0
2025-05-14 13:30:00+00:00,0.82,0.82,0.6984,0.7344,76459.0
2025-05-14 13:36:00+00:00,0.7,0.7,0.7,0.7,118.0
2025-05-14 13:38:00+00:00,0.6635,0.6635,0.66,0.66,1200.0
2025-05-14 13:40:00+00:00,0.66,0.66,0.63,0.66,4048.0
2025-05-14 13:42:00+00:00,0.63,0.63,0.63,0.63,525.0
2025-05-14 13:48:00+00:00,0.6303,0.6303,0.63,0.63,209.0
2025-05-14 14:00:00+00:00,0.67,0.67,0.67,0.67,410.0
2025-05-14 14:04:00+00:00,0.655,0.655,0.655,0.655,700.0
2025-05-14 14:06:00+00:00,0.655,0.67,0.655,0.67,401.0
2025-05-14 14:26:00+00:00,0.67,0.67,0.67,0.67,200.0
2025-05-14 15:10:00+00:00,0.671,0.6799,0.671,0.6799,1940.0
2025-05-14 15:18:00+00:00,0.655,0.655,0.655,0.655,457.0
2025-05-14 15:30:00+00:00,0.66,0.66,0.66,0.66,110.0
2025-05-14 15:32:00+00:00,0.66,0.66,0.66,0.66,457.0
2025-05-14 15:34:00+00:00,0.68,0.68,0.68,0.68,214.0
2025-05-14 15:52:00+00:00,0.65,0.65,0.64,0.64,3535.0
2025-05-14 15:56:00+00:00,0.6397,0.65,0.6293,0.65,10756.0
2025-05-14 15:58:00+00:00,0.65,0.68,0.635,0.65,46271.0
2025-05-14 16:00:00+00:00,0.65,0.65,0.65,0.65,14445.0
2025-05-14 16:02:00+00:00,0.65,0.68,0.65,0.68,3308.0
2025-05-14 16:04:00+00:00,0.66,0.66,0.65,0.65,5321.0
2025-05-14 16:06:00+00:00,0.68,0.68,0.65,0.68,24705.0
2025-05-14 16:08:00+00:00,0.656,0.7,0.656,0.6635,6328.0
2025-05-14 16:10:00+00:00,0.6844,0.6844,0.656,0.67,7432.0
2025-05-14 16:12:00+00:00,0.67,0.6818,0.65,0.6518,29430.0
2025-05-14 16:14:00+00:00,0.6797,0.6872,0.65,0.6872,19866.0
2025-05-14 16:16:00+00:00,0.67,0.69,0.65,0.6514,70482.0
2025-05-14 16:18:00+00:00,0.6514,0.67,0.65,0.67,25791.0
2025-05-14 16:20:00+00:00,0.7344,0.7344,0.64,0.6744,17741.0
2025-05-14 16:22:00+00:00,0.66,0.66,0.644,0.644,822.0
2025-05-14 16:28:00+00:00,0.6474,0.6502,0.6474,0.6501,1482.0
2025-05-14 16:30:00+00:00,0.6503,0.6503,0.6503,0.6503,504.0
2025-05-14 16:36:00+00:00,0.65,0.65,0.65,0.65,230.0
2025-05-14 16:38:00+00:00,0.66,0.66,0.6499,0.65,8202.0
2025-05-14 16:40:00+00:00,0.65,0.6873,0.645,0.66,10816.0
2025-05-14 16:44:00+00:00,0.6506,0.6798,0.6506,0.6798,743.0
2025-05-14 16:46:00+00:00,0.672,0.672,0.6536,0.6536,700.0
2025-05-14 16:50:00+00:00,0.6779,0.68,0.64,0.6776,6506.0
2025-05-14 16:52:00+00:00,0.651,0.6572,0.6435,0.6435,4751.0
2025-05-14 16:56:00+00:00,0.6903,0.6903,0.6432,0.6432,4568.0
2025-05-14 17:12:00+00:00,0.6473,0.6473,0.6473,0.6473,159.0
2025-05-14 17:14:00+00:00,0.641,0.641,0.641,0.641,249.0
2025-05-14 17:16:00+00:00,0.64,0.6401,0.64,0.6401,1400.0
2025-05-14 17:18:00+00:00,0.66,0.66,0.66,0.66,357.0
2025-05-14 17:20:00+00:00,0.642,0.642,0.642,0.642,1300.0
2025-05-14 17:28:00+00:00,0.6302,0.6302,0.6302,0.6302,223.0
2025-05-14 17:34:00+00:00,0.6499,0.65,0.6311,0.649,12598.0
2025-05-14 17:36:00+00:00,0.6499,0.6549,0.6451,0.6501,9851.0
2025-05-14 17:38:00+00:00,0.65,0.6764,0.65,0.6764,20325.0
2025-05-14 17:40:00+00:00,0.6401,0.68,0.6336,0.66,23160.0
2025-05-14 17:42:00+00:00,0.66,0.66,0.66,0.66,590.0
2025-05-14 17:46:00+00:00,0.681,0.681,0.645,0.68,5544.0
2025-05-14 17:48:00+00:00,0.65,0.655,0.65,0.655,2609.0
2025-05-14 17:50:00+00:00,0.6501,0.6501,0.65,0.65,19345.0
2025-05-14 17:52:00+00:00,0.68,0.68,0.631,0.6399,11230.0
2025-05-14 17:54:00+00:00,0.64,0.65,0.6351,0.65,8500.0
2025-05-14 18:02:00+00:00,0.6401,0.6401,0.64,0.6401,18160.0
2025-05-14 18:06:00+00:00,0.64,0.64,0.64,0.64,1212.0
2025-05-14 18:08:00+00:00,0.64,0.65,0.6398,0.6499,19474.0
2025-05-14 18:10:00+00:00,0.65,0.6576,0.65,0.65,1572.0
2025-05-14 18:14:00+00:00,0.65,0.65,0.65,0.65,4924.0
2025-05-14 18:16:00+00:00,0.64,0.6413,0.64,0.64,3643.0
2025-05-14 18:18:00+00:00,0.64,0.6402,0.64,0.64,5280.0
2025-05-14 18:20:00+00:00,0.65,0.65,0.64,0.64,2462.0
2025-05-14 18:22:00+00:00,0.64,0.64,0.64,0.64,578.0
2025-05-14 18:24:00+00:00,0.645,0.65,0.64,0.65,4245.0
2025-05-14 18:26:00+00:00,0.645,0.663,0.64,0.663,15550.0
2025-05-14 18:28:00+00:00,0.64,0.645,0.64,0.645,12436.0
2025-05-14 18:30:00+00:00,0.645,0.6541,0.6425,0.6541,4790.0
2025-05-14 18:32:00+00:00,0.674,0.68,0.657,0.657,6722.0
2025-05-14 18:34:00+00:00,0.65,0.6737,0.65,0.655,1552.0
2025-05-14 18:36:00+00:00,0.655,0.6969,0.655,0.6572,4128.0
2025-05-14 18:38:00+00:00,0.6572,0.6967,0.6551,0.6551,2616.0
2025-05-14 18:40:00+00:00,0.6558,0.676,0.6554,0.676,1168.0
2025-05-14 18:42:00+00:00,0.6603,0.6702,0.6602,0.6702,12700.0
2025-05-14 18:44:00+00:00,0.6799,0.6799,0.6785,0.6785,260.0
2025-05-14 18:46:00+00:00,0.6785,0.6799,0.6759,0.6799,1000.0
2025-05-14 18:48:00+00:00,0.68,0.68,0.6606,0.6656,16659.0
2025-05-14 18:50:00+00:00,0.6655,0.6702,0.6655,0.6702,49404.0
2025-05-14 18:52:00+00:00,0.67,0.6903,0.67,0.6903,16800.0
2025-05-14 18:54:00+00:00,0.6611,0.6611,0.6549,0.6549,7314.0
2025-05-14 18:56:00+00:00,0.65,0.6501,0.64,0.6409,2810.0
2025-05-14 18:58:00+00:00,0.6414,0.6414,0.64,0.64,300.0
2025-05-14 19:00:00+00:00,0.6354,0.6406,0.6201,0.6206,3773.0
2025-05-14 19:02:00+00:00,0.6203,0.6206,0.6203,0.6206,300.0
2025-05-14 19:04:00+00:00,0.6202,0.6203,0.6201,0.6203,500.0
2025-05-14 19:06:00+00:00,0.6203,0.6203,0.6203,0.6203,2654.0
2025-05-14 19:08:00+00:00,0.621,0.621,0.62,0.62,1131.0
2025-05-14 19:12:00+00:00,0.6201,0.6201,0.6201,0.6201,300.0
2025-05-14 19:22:00+00:00,0.64,0.64,0.64,0.64,574.0
2025-05-14 19:32:00+00:00,0.6447,0.6447,0.644,0.644,306.0
2025-05-14 19:34:00+00:00,0.65,0.65,0.65,0.65,400.0
2025-05-14 19:40:00+00:00,0.6601,0.6601,0.6601,0.6601,405.0
2025-05-14 19:42:00+00:00,0.65,0.65,0.65,0.65,467.0
2025-05-14 19:44:00+00:00,0.639,0.639,0.639,0.639,580.0
2025-05-14 19:48:00+00:00,0.65,0.65,0.6457,0.6457,4726.0
2025-05-14 19:50:00+00:00,0.6414,0.6524,0.6414,0.65,3420.0
2025-05-14 19:52:00+00:00,0.6499,0.65,0.6499,0.65,5429.0
2025-05-14 19:56:00+00:00,0.6563,0.6604,0.65,0.6604,2255.0
2025-05-14 19:58:00+00:00,0.6502,0.6502,0.6502,0.6502,200.0
2025-05-14 20:00:00+00:00,0.705,0.705,0.705,0.705,109.0
2025-05-14 20:04:00+00:00,0.9,0.9,0.7088,0.71,6360.0
2025-05-14 20:06:00+00:00,0.95,0.95,0.6205,0.6205,15615.0
2025-05-14 20:08:00+00:00,0.6212,0.6212,0.6099,0.61,1856.0
2025-05-14 20:10:00+00:00,0.6001,0.6397,0.5999,0.6397,1139.0
2025-05-14 20:12:00+00:00,0.75,0.75,0.75,0.75,556.0
2025-05-14 20:30:00+00:00,0.7093,0.7093,0.7093,0.7093,405.0
2025-05-14 20:36:00+00:00,0.6199,0.6199,0.6001,0.6001,212.0
2025-05-14 20:44:00+00:00,0.618,0.618,0.618,0.618,2505.0
2025-05-14 20:46:00+00:00,0.6365,0.6365,0.6365,0.6365,625.0
2025-05-14 21:24:00+00:00,0.6005,0.6005,0.6005,0.6005,280.0
2025-05-14 21:32:00+00:00,0.6125,0.6125,0.6125,0.6125,124.0
2025-05-14 21:36:00+00:00,0.85,0.85,0.85,0.85,200.0
2025-05-14 21:38:00+00:00,0.6768,0.85,0.6768,0.7043,1047.0
2025-05-14 21:40:00+00:00,0.7043,0.9,0.65,0.65,5422.0
2025-05-14 21:44:00+00:00,0.6367,0.6367,0.6015,0.6016,1099.0
2025-05-14 21:50:00+00:00,0.6015,0.6015,0.6015,0.6015,779.0
2025-05-14 22:06:00+00:00,0.6022,0.6022,0.6022,0.6022,1718.0
2025-05-14 23:42:00+00:00,0.6032,0.6032,0.6032,0.6032,1322.0
2025-07-18 13:24:00+00:00,0.529,0.529,0.529,0.529,104.0
2025-07-18 13:30:00+00:00,0.59,0.59,0.53,0.53,2471.0
2025-07-18 13:32:00+00:00,0.5585,0.5585,0.5585,0.5585,231.0
2025-07-18 13:34:00+00:00,0.538,0.538,0.538,0.538,156.0
2025-07-18 13:46:00+00:00,0.5782,0.5782,0.5782,0.5782,400.0
2025-07-18 13:48:00+00:00,0.5635,0.5635,0.5635,0.5635,173.0
2025-07-18 13:50:00+00:00,0.5635,0.5635,0.5635,0.5635,100.0
2025-07-18 13:56:00+00:00,0.5481,0.5481,0.5481,0.5481,219.0
2025-07-18 14:06:00+00:00,0.5481,0.5481,0.5481,0.5481,839.0
2025-07-18 14:12:00+00:00,0.56,0.56,0.56,0.56,100.0
2025-07-18 14:14:00+00:00,0.5489,0.5489,0.5489,0.5489,100.0
2025-07-18 14:28:00+00:00,0.5425,0.56,0.5425,0.559,4023.0
2025-07-18 14:30:00+00:00,0.5488,0.5488,0.5488,0.5488,930.0
2025-07-18 14:36:00+00:00,0.55,0.55,0.55,0.55,255.0
2025-07-18 14:38:00+00:00,0.56,0.56,0.56,0.56,2005.0
2025-07-18 14:42:00+00:00,0.56,0.56,0.56,0.56,100.0
2025-07-18 14:48:00+00:00,0.56,0.56,0.56,0.56,100.0
2025-07-18 15:04:00+00:00,0.5495,0.5495,0.5495,0.5495,3000.0
2025-07-18 15:20:00+00:00,0.56,0.56,0.56,0.56,217.0
2025-07-18 15:26:00+00:00,0.5501,0.5501,0.5501,0.5501,100.0
2025-07-18 16:20:00+00:00,0.5402,0.5453,0.54,0.5453,480.0
2025-07-18 16:30:00+00:00,0.5444,0.5444,0.5444,0.5444,552.0
2025-07-18 17:04:00+00:00,0.5473,0.5473,0.5323,0.5323,15020.0
2025-07-18 17:22:00+00:00,0.54,0.54,0.54,0.54,6201.0
2025-07-18 17:28:00+00:00,0.5351,0.5351,0.5351,0.5351,100.0
2025-07-18 18:00:00+00:00,0.5501,0.5501,0.5501,0.5501,100.0
2025-07-18 18:26:00+00:00,0.54,0.54,0.54,0.54,292.0
2025-07-18 19:48:00+00:00,0.5224,0.5224,0.5224,0.5224,121.0
2025-07-18 19:54:00+00:00,0.5484,0.5484,0.5484,0.5484,100.0
2025-07-18 19:56:00+00:00,0.531,0.532,0.531,0.532,456.0
2025-07-18 19:58:00+00:00,0.5343,0.5343,0.5343,0.5343,105.0
2025-07-18 21:50:00+00:00,0.55,0.55,0.55,0.55,129.0
2025-07-29 08:08:00+00:00,0.6369,0.6369,0.6369,0.6369,885.0
2025-07-29 08:10:00+00:00,0.6389,0.6389,0.6389,0.6389,211.0
2025-07-29 08:12:00+00:00,0.6369,0.6369,0.6369,0.6369,400.0
2025-07-29 08:16:00+00:00,0.639,0.78,0.625,0.668,246839.0
2025-07-29 08:18:00+00:00,0.665,0.6688,0.61,0.6527,111828.0
2025-07-29 08:20:00+00:00,0.6527,0.6527,0.6002,0.636,52977.0
2025-07-29 08:22:00+00:00,0.626,0.645,0.6206,0.6379,12425.0
2025-07-29 08:24:00+00:00,0.6315,0.6499,0.6221,0.6361,20668.0
2025-07-29 08:26:00+00:00,0.6472,0.69,0.6312,0.6349,150185.0
2025-07-29 08:28:00+00:00,0.635,0.6592,0.635,0.6479,53498.0
2025-07-29 08:30:00+00:00,0.642,0.642,0.5378,0.5549,140113.0
2025-07-29 08:32:00+00:00,0.5682,0.6131,0.5592,0.5864,52870.0
2025-07-29 08:34:00+00:00,0.5946,0.5946,0.5524,0.582,28112.0
2025-07-29 08:36:00+00:00,0.5831,0.604,0.5799,0.5811,29139.0
2025-07-29 08:38:00+00:00,0.6008,0.6077,0.6,0.6029,5041.0
2025-07-29 08:40:00+00:00,0.6044,0.6104,0.6003,0.6003,3938.0
2025-07-29 08:42:00+00:00,0.6114,0.62,0.6003,0.6019,5612.0
2025-07-29 08:44:00+00:00,0.6125,0.6125,0.6016,0.6016,571.0
2025-07-29 08:46:00+00:00,0.6108,0.6299,0.6108,0.6278,13685.0
2025-07-29 08:48:00+00:00,0.612,0.6221,0.612,0.62,4241.0
2025-07-29 08:50:00+00:00,0.605,0.605,0.6016,0.6034,2392.0
2025-07-29 08:52:00+00:00,0.6033,0.6033,0.6033,0.6033,528.0
2025-07-29 08:54:00+00:00,0.6058,0.6058,0.6019,0.6019,681.0
2025-07-29 08:56:00+00:00,0.6017,0.6017,0.5872,0.5872,1722.0
2025-07-29 08:58:00+00:00,0.6033,0.6134,0.5897,0.5898,2665.0
2025-07-29 09:00:00+00:00,0.5898,0.61,0.5888,0.61,10003.0
2025-07-29 09:02:00+00:00,0.61,0.6187,0.6099,0.6187,4862.0
2025-07-29 09:04:00+00:00,0.6187,0.6219,0.6187,0.6219,5771.0
2025-07-29 09:06:00+00:00,0.6101,0.6128,0.6101,0.6128,434.0
2025-07-29 09:08:00+00:00,0.6217,0.622,0.6217,0.622,8642.0
2025-07-29 09:12:00+00:00,0.6256,0.6286,0.621,0.6242,4787.0
2025-07-29 09:14:00+00:00,0.6229,0.6281,0.6211,0.6247,3927.0
2025-07-29 09:16:00+00:00,0.6211,0.6211,0.6101,0.6101,3074.0
2025-07-29 09:18:00+00:00,0.61,0.6156,0.6089,0.6156,13972.0
2025-07-29 09:20:00+00:00,0.6129,0.6129,0.6129,0.6129,180.0
2025-07-29 09:22:00+00:00,0.6129,0.6135,0.61,0.61,3667.0
2025-07-29 09:28:00+00:00,0.613,0.6234,0.613,0.6234,1138.0
2025-07-29 09:30:00+00:00,0.613,0.6354,0.613,0.6354,16660.0
2025-07-29 09:32:00+00:00,0.6286,0.6889,0.6286,0.6699,54906.0
2025-07-29 09:34:00+00:00,0.6771,0.812,0.645,0.8061,544373.0
2025-07-29 09:36:00+00:00,0.8096,0.8097,0.5267,0.5599,1021754.0
2025-07-29 09:38:00+00:00,0.5599,0.6205,0.5541,0.585,221337.0
2025-07-29 09:40:00+00:00,0.5833,0.5901,0.5316,0.5466,199040.0
2025-07-29 09:42:00+00:00,0.5422,0.5709,0.5345,0.5345,48116.0
2025-07-29 09:44:00+00:00,0.5348,0.562,0.5345,0.5485,31263.0
2025-07-29 09:46:00+00:00,0.5433,0.5477,0.5259,0.5318,53712.0
2025-07-29 09:48:00+00:00,0.5371,0.55,0.5327,0.5436,46256.0
2025-07-29 09:50:00+00:00,0.5402,0.543,0.534,0.5369,18351.0
2025-07-29 09:52:00+00:00,0.54,0.54,0.5307,0.5325,19057.0
2025-07-29 09:54:00+00:00,0.5325,0.5328,0.5253,0.5284,54211.0
2025-07-29 09:56:00+00:00,0.5316,0.538,0.5309,0.5374,13938.0
2025-07-29 09:58:00+00:00,0.5373,0.5401,0.5358,0.5358,7532.0
2025-07-29 10:02:00+00:00,0.5399,0.5399,0.5234,0.5235,6142.0
2025-07-29 10:04:00+00:00,0.5306,0.5343,0.5284,0.5343,8253.0
2025-07-29 10:06:00+00:00,0.5398,0.5435,0.5398,0.5398,8159.0
2025-07-29 10:08:00+00:00,0.537,0.5601,0.537,0.5601,12657.0
2025-07-29 10:10:00+00:00,0.5493,0.5607,0.5461,0.5607,2540.0
2025-07-29 10:12:00+00:00,0.5497,0.5526,0.5497,0.5526,1069.0
2025-07-29 10:14:00+00:00,0.5411,0.5411,0.5411,0.5411,613.0
2025-07-29 10:16:00+00:00,0.542,0.542,0.542,0.542,187.0
2025-07-29 10:18:00+00:00,0.5503,0.5503,0.541,0.541,9198.0
2025-07-29 10:20:00+00:00,0.541,0.5468,0.5407,0.5468,546.0
2025-07-29 10:22:00+00:00,0.5407,0.5407,0.5407,0.5407,1239.0
2025-07-29 10:24:00+00:00,0.541,0.541,0.5407,0.5407,346.0
2025-07-29 10:26:00+00:00,0.5416,0.55,0.5416,0.5484,16471.0
2025-07-29 10:28:00+00:00,0.5502,0.56,0.55,0.559,24932.0
2025-07-29 10:32:00+00:00,0.5591,0.57,0.555,0.57,7399.0
2025-07-29 10:34:00+00:00,0.5699,0.5699,0.5638,0.5638,610.0
2025-07-29 10:36:00+00:00,0.561,0.5623,0.5599,0.5623,3796.0
2025-07-29 10:38:00+00:00,0.5668,0.5909,0.5663,0.5828,17762.0
2025-07-29 10:42:00+00:00,0.5829,0.5829,0.5805,0.5805,470.0
2025-07-29 10:44:00+00:00,0.5846,0.5846,0.5793,0.5793,608.0
2025-07-29 10:48:00+00:00,0.5926,0.5926,0.5926,0.5926,720.0
2025-07-29 10:50:00+00:00,0.5925,0.6452,0.5925,0.6328,27996.0
2025-07-29 10:52:00+00:00,0.6348,0.6348,0.6112,0.625,5015.0
2025-07-29 10:54:00+00:00,0.6186,0.6502,0.6145,0.6502,8476.0
2025-07-29 11:34:00+00:00,1.6,2.16,1.6,2.11,1069543.0
2025-07-29 11:36:00+00:00,2.12,2.18,1.8,2.01,1180641.0
2025-07-29 11:38:00+00:00,2.01,2.05,1.9,1.95,870058.0
2025-07-29 11:40:00+00:00,1.95,1.98,1.9,1.93,453907.0
2025-07-29 11:42:00+00:00,1.93,1.99,1.93,1.94,215070.0
2025-07-29 11:44:00+00:00,1.94,1.99,1.94,1.98,212950.0
2025-07-29 11:46:00+00:00,1.99,2.09,1.97,2.05,354911.0
2025-07-29 11:48:00+00:00,2.05,2.07,1.99,2.0,152262.0
2025-07-29 11:50:00+00:00,1.99,2.0,1.96,2.0,156164.0
2025-07-29 11:52:00+00:00,1.99,2.0,1.95,1.95,135148.0
2025-07-29 11:54:00+00:00,1.95,1.99,1.95,1.99,178403.0
2025-07-29 11:56:00+00:00,1.99,2.0,1.96,1.99,144080.0
2025-07-29 11:58:00+00:00,2.0,2.07,1.98,2.06,188558.0
2025-07-29 12:00:00+00:00,1.78,2.19,1.6,2.03,3046458.0
2025-07-29 12:02:00+00:00,1.92,2.05,1.92,2.05,166398.0
2025-07-29 12:04:00+00:00,2.05,2.06,2.04,2.04,141503.0
2025-07-29 12:06:00+00:00,2.04,2.05,2.02,2.02,115497.0
2025-07-29 12:08:00+00:00,2.02,2.03,1.98,1.98,214481.0
2025-07-29 12:10:00+00:00,1.98,2.04,1.98,2.03,152818.0
2025-07-29 12:12:00+00:00,2.03,2.03,2.01,2.01,62365.0
2025-07-29 12:14:00+00:00,2.01,2.02,2.0,2.0,120913.0
2025-07-29 12:16:00+00:00,2.0,2.01,1.99,1.99,92723.0
2025-07-29 12:18:00+00:00,1.99,2.0,1.98,1.99,71451.0
2025-07-29 12:20:00+00:00,2.0,2.0,1.99,2.0,52131.0
2025-07-29 12:22:00+00:00,1.99,2.02,1.99,2.02,96710.0
2025-07-29 12:24:00+00:00,2.02,2.02,2.0,2.0,89021.0
2025-07-29 12:26:00+00:00,2.0,2.01,1.99,1.99,85908.0
2025-07-29 12:28:00+00:00,1.99,2.0,1.99,1.99,37418.0
2025-07-29 12:30:00+00:00,1.99,1.99,1.98,1.98,36978.0
2025-07-29 12:32:00+00:00,1.98,1.99,1.98,1.98,237399.0
2025-07-29 12:34:00+00:00,1.99,1.99,1.98,1.99,32660.0
2025-07-29 12:36:00+00:00,1.99,2.0,1.98,2.0,116784.0
2025-07-29 12:38:00+00:00,2.0,2.0,1.98,1.99,59877.0
2025-07-29 12:40:00+00:00,1.99,2.0,1.99,1.99,243899.0
2025-07-29 12:42:00+00:00,1.9999,2.01,1.99,2.009,110529.0
2025-07-29 12:44:00+00:00,2.0099,2.03,2.0,2.03,65804.0
2025-07-29 12:46:00+00:00,2.03,2.04,2.02,2.04,60823.0
2025-07-29 12:48:00+00:00,2.04,2.05,2.03,2.04,70396.0
2025-07-29 12:50:00+00:00,2.05,2.05,2.02,2.02,76938.0
2025-07-29 12:52:00+00:00,2.03,2.03,2.02,2.02,22207.0
2025-07-29 12:54:00+00:00,2.03,2.04,2.02,2.03,25562.0
2025-07-29 12:56:00+00:00,2.03,2.03,2.01,2.01,73909.0
2025-07-29 12:58:00+00:00,2.02,2.02,2.01,2.02,71978.0
2025-07-29 13:00:00+00:00,2.02,2.02,2.01,2.02,26413.0
2025-07-29 13:02:00+00:00,2.01,2.02,2.01,2.01,32918.0
2025-07-29 13:04:00+00:00,2.01,2.02,2.0,2.0,38802.0
2025-07-29 13:06:00+00:00,2.01,2.01,2.0,2.0001,28171.0
2025-07-29 13:08:00+00:00,2.01,2.01,2.0,2.0,57311.0
2025-07-29 13:10:00+00:00,2.0,2.01,2.0,2.0,66314.0
2025-07-29 13:12:00+00:00,2.0001,2.01,2.0,2.0,45792.0
2025-07-29 13:14:00+00:00,2.0,2.01,2.0,2.01,12379.0
2025-07-29 13:16:00+00:00,2.0,2.01,2.0,2.01,25638.0
2025-07-29 13:18:00+00:00,2.0,2.01,2.0,2.0,11732.0
2025-07-29 13:20:00+00:00,2.0,2.01,2.0,2.0,19865.0
2025-07-29 13:22:00+00:00,2.01,2.01,2.0,2.0,18396.0
2025-07-29 13:24:00+00:00,2.01,2.01,2.0,2.0,40234.0
2025-07-29 13:26:00+00:00,2.01,2.01,1.99,2.0,100202.0
2025-07-29 13:28:00+00:00,2.0,2.0,1.99,1.99,45538.0
2025-07-29 13:30:00+00:00,1.99,2.0,1.98,1.995,482027.0
2025-07-29 13:32:00+00:00,2.0,2.0,1.97,1.9704,223974.0
2025-07-29 13:34:00+00:00,1.9708,1.99,1.97,1.9807,287901.0
2025-07-29 13:36:00+00:00,1.985,2.04,1.98,2.038,635154.0
2025-07-29 13:38:00+00:00,2.0389,2.04,2.02,2.0292,209845.0
2025-07-29 13:40:00+00:00,2.02,2.04,2.02,2.0388,175184.0
2025-07-29 13:42:00+00:00,2.0399,2.13,2.03,2.11,495992.0
2025-07-29 13:44:00+00:00,2.105,2.26,2.1,2.26,588296.0
2025-07-29 13:50:00+00:00,2.3,2.47,2.21,2.3442,2704721.0
2025-07-29 13:52:00+00:00,2.36,2.54,2.3205,2.54,1916007.0
2025-07-29 13:58:00+00:00,2.49,2.64,2.37,2.475,3828772.0
2025-07-29 14:00:00+00:00,2.47,2.55,2.37,2.37,1120729.0
2025-07-29 14:10:00+00:00,2.25,2.35,2.16,2.18,1489416.0
2025-07-29 14:12:00+00:00,2.2,2.22,2.11,2.11,1121439.0
2025-07-29 14:14:00+00:00,2.11,2.16,2.06,2.1512,1202592.0
2025-07-29 14:16:00+00:00,2.1548,2.22,2.1548,2.17,755192.0
2025-07-29 14:18:00+00:00,2.17,2.28,2.17,2.2645,882465.0
2025-07-29 14:20:00+00:00,2.27,2.3,2.2,2.2152,702753.0
2025-07-29 14:22:00+00:00,2.2109,2.22,2.15,2.16,419421.0
2025-07-29 14:24:00+00:00,2.1512,2.19,2.08,2.1492,605503.0
2025-07-29 14:26:00+00:00,2.1491,2.16,2.1,2.105,281726.0
2025-07-29 14:28:00+00:00,2.1001,2.15,2.1001,2.1266,249306.0
2025-07-29 14:30:00+00:00,2.1211,2.125,2.07,2.085,406976.0
2025-07-29 14:32:00+00:00,2.085,2.09,2.01,2.04,657414.0
2025-07-29 14:34:00+00:00,2.03,2.07,2.03,2.045,277475.0
2025-07-29 14:36:00+00:00,2.045,2.07,2.04,2.06,153912.0
2025-07-29 14:38:00+00:00,2.065,2.1,2.06,2.065,296001.0
2025-07-29 14:40:00+00:00,2.06,2.07,2.05,2.0503,127337.0
2025-07-29 14:42:00+00:00,2.05,2.0582,2.02,2.02,172960.0
2025-07-29 14:44:00+00:00,2.02,2.06,2.02,2.0448,246879.0
2025-07-29 14:46:00+00:00,2.04,2.0494,2.01,2.012,279496.0
2025-07-29 14:48:00+00:00,2.011,2.09,2.01,2.0691,490637.0
2025-07-29 14:50:00+00:00,2.06,2.08,2.04,2.045,156487.0
2025-07-29 14:52:00+00:00,2.04,2.05,2.03,2.035,62071.0
2025-07-29 14:54:00+00:00,2.0306,2.05,2.03,2.045,70029.0
2025-07-29 14:56:00+00:00,2.0491,2.058,2.04,2.055,107660.0
2025-07-29 14:58:00+00:00,2.055,2.06,2.03,2.04,74743.0
2025-07-29 15:00:00+00:00,2.035,2.05,2.03,2.03,65992.0
2025-07-29 15:02:00+00:00,2.03,2.04,2.03,2.03,44180.0
2025-07-29 15:04:00+00:00,2.0392,2.05,2.03,2.0419,54538.0
2025-07-29 15:06:00+00:00,2.045,2.05,2.03,2.0311,97390.0
2025-07-29 15:08:00+00:00,2.0308,2.04,2.02,2.0203,133412.0
2025-07-29 15:10:00+00:00,2.0211,2.03,2.01,2.02,127982.0
2025-07-29 15:12:00+00:00,2.0158,2.03,2.01,2.01,173024.0
2025-07-29 15:14:00+00:00,2.01,2.0188,1.97,1.98,550760.0
2025-07-29 15:16:00+00:00,1.98,1.9852,1.93,1.9492,462709.0
2025-07-29 15:18:00+00:00,1.9481,1.96,1.93,1.9481,274532.0
2025-07-29 15:20:00+00:00,1.94,1.95,1.93,1.94,142317.0
2025-07-29 15:22:00+00:00,1.94,1.95,1.93,1.9301,98980.0
2025-07-29 15:24:00+00:00,1.94,1.97,1.9319,1.97,111223.0
2025-07-29 15:26:00+00:00,1.96,1.9689,1.95,1.955,63455.0
2025-07-29 15:28:00+00:00,1.95,1.96,1.93,1.9419,123485.0
2025-07-29 15:30:00+00:00,1.9492,1.95,1.94,1.945,40846.0
2025-07-29 15:32:00+00:00,1.945,1.9493,1.93,1.9307,63645.0
2025-07-29 15:34:00+00:00,1.935,1.94,1.92,1.9299,237252.0
2025-07-29 15:36:00+00:00,1.9286,1.96,1.92,1.955,222610.0
2025-07-29 15:38:00+00:00,1.9552,1.96,1.94,1.95,112105.0
2025-07-29 15:40:00+00:00,1.96,1.96,1.94,1.96,84305.0
2025-07-29 15:42:00+00:00,1.9552,1.96,1.95,1.95,31355.0
2025-07-29 15:44:00+00:00,1.95,1.955,1.935,1.945,56501.0
2025-07-29 15:46:00+00:00,1.9401,1.9499,1.93,1.93,83072.0
2025-07-29 15:48:00+00:00,1.9304,1.94,1.93,1.935,71261.0
2025-07-29 15:50:00+00:00,1.9301,1.94,1.93,1.935,23237.0
2025-07-29 15:52:00+00:00,1.935,1.94,1.93,1.9381,24945.0
2025-07-29 15:54:00+00:00,1.93,1.94,1.93,1.9336,46249.0
2025-07-29 15:56:00+00:00,1.9381,1.94,1.9214,1.9299,145776.0
2025-07-29 15:58:00+00:00,1.9201,1.93,1.92,1.925,64651.0
2025-07-29 16:00:00+00:00,1.921,1.93,1.92,1.9252,46196.0
2025-07-29 16:02:00+00:00,1.9208,1.93,1.91,1.92,246412.0
2025-07-29 16:04:00+00:00,1.9293,1.9394,1.92,1.9391,92858.0
2025-07-29 16:06:00+00:00,1.9399,1.94,1.93,1.9319,64266.0
2025-07-29 16:08:00+00:00,1.9301,1.97,1.9301,1.9555,239221.0
2025-07-29 16:10:00+00:00,1.96,1.96,1.95,1.96,26218.0
2025-07-29 16:12:00+00:00,1.9519,1.97,1.9501,1.955,142152.0
2025-07-29 16:14:00+00:00,1.9519,1.96,1.95,1.95,32104.0
2025-07-29 16:16:00+00:00,1.951,1.9599,1.95,1.9501,13843.0
2025-07-29 16:18:00+00:00,1.959,1.96,1.94,1.9403,72356.0
2025-07-29 16:20:00+00:00,1.94,1.96,1.94,1.96,53822.0
2025-07-29 16:22:00+00:00,1.955,1.969,1.94,1.95,89430.0
2025-07-29 16:24:00+00:00,1.9499,1.95,1.94,1.945,40939.0
2025-07-29 16:26:00+00:00,1.9493,1.9493,1.93,1.935,80055.0
2025-07-29 16:28:00+00:00,1.9393,1.94,1.93,1.93,19257.0
2025-07-29 16:30:00+00:00,1.93,1.935,1.92,1.92,137039.0
2025-07-29 16:32:00+00:00,1.92,1.9287,1.92,1.92,45598.0
2025-07-29 16:34:00+00:00,1.925,1.939,1.92,1.925,79358.0
2025-07-29 16:36:00+00:00,1.9201,1.93,1.92,1.925,33261.0
2025-07-29 16:38:00+00:00,1.9203,1.9299,1.92,1.9202,72822.0
2025-07-29 16:40:00+00:00,1.925,1.925,1.91,1.91,129893.0
2025-07-29 16:42:00+00:00,1.911,1.92,1.9,1.905,157664.0
2025-07-29 16:44:00+00:00,1.9,1.92,1.9,1.9181,88279.0
2025-07-29 16:46:00+00:00,1.92,1.92,1.91,1.9114,30873.0
2025-07-29 16:48:00+00:00,1.9152,1.92,1.91,1.91,46043.0
2025-07-29 16:50:00+00:00,1.915,1.92,1.91,1.91,30530.0
2025-07-29 16:52:00+00:00,1.915,1.92,1.91,1.9101,82776.0
2025-07-29 16:54:00+00:00,1.9,1.92,1.895,1.91,193691.0
2025-07-29 16:56:00+00:00,1.91,1.915,1.89,1.89,111560.0
2025-07-29 16:58:00+00:00,1.895,1.895,1.86,1.875,274371.0
2025-07-29 17:00:00+00:00,1.875,1.89,1.87,1.8852,51789.0
2025-07-29 17:02:00+00:00,1.88,1.8889,1.87,1.8701,118280.0
2025-07-29 17:04:00+00:00,1.87,1.885,1.87,1.875,55645.0
2025-07-29 17:06:00+00:00,1.87,1.8801,1.87,1.875,57568.0
2025-07-29 17:08:00+00:00,1.8799,1.885,1.87,1.87,136434.0
2025-07-29 17:10:00+00:00,1.8701,1.8899,1.86,1.88,153836.0
2025-07-29 17:12:00+00:00,1.8892,1.9,1.875,1.89,55377.0
2025-07-29 17:14:00+00:00,1.89,1.9,1.89,1.9,39569.0
2025-07-29 17:16:00+00:00,1.895,1.91,1.89,1.895,110216.0
2025-07-29 17:18:00+00:00,1.895,1.9,1.89,1.895,26439.0
2025-07-29 17:20:00+00:00,1.8901,1.9,1.89,1.8953,19774.0
2025-07-29 17:22:00+00:00,1.8901,1.8987,1.89,1.89,10535.0
2025-07-29 17:24:00+00:00,1.8901,1.9,1.89,1.8908,18042.0
2025-07-29 17:26:00+00:00,1.89,1.8987,1.89,1.895,18033.0
2025-07-29 17:28:00+00:00,1.895,1.895,1.88,1.885,25696.0
2025-07-29 17:30:00+00:00,1.88,1.8891,1.88,1.8801,14073.0
2025-07-29 17:32:00+00:00,1.8801,1.8999,1.88,1.895,34281.0
2025-07-29 17:34:00+00:00,1.89,1.89,1.88,1.8803,20277.0
2025-07-29 17:36:00+00:00,1.88,1.9,1.875,1.8911,39119.0
2025-07-29 17:38:00+00:00,1.89,1.9,1.88,1.8912,31466.0
2025-07-29 17:40:00+00:00,1.89,1.895,1.87,1.87,82878.0
2025-07-29 17:42:00+00:00,1.87,1.88,1.86,1.88,64105.0
2025-07-29 17:44:00+00:00,1.8789,1.88,1.87,1.878,35784.0
2025-07-29 17:46:00+00:00,1.8709,1.8787,1.865,1.865,24159.0
2025-07-29 17:48:00+00:00,1.8681,1.88,1.865,1.875,85988.0
2025-07-29 17:50:00+00:00,1.8701,1.88,1.865,1.875,24966.0
2025-07-29 17:52:00+00:00,1.871,1.88,1.87,1.8703,23310.0
2025-07-29 17:54:00+00:00,1.8701,1.8701,1.86,1.86,17534.0
2025-07-29 17:56:00+00:00,1.865,1.87,1.86,1.87,34474.0
2025-07-29 17:58:00+00:00,1.865,1.881,1.865,1.8751,88894.0
2025-07-29 18:00:00+00:00,1.8701,1.88,1.87,1.875,14356.0
2025-07-29 18:02:00+00:00,1.8701,1.88,1.87,1.8793,27364.0
2025-07-29 18:04:00+00:00,1.8788,1.88,1.87,1.8715,29564.0
2025-07-29 18:06:00+00:00,1.8701,1.8789,1.87,1.87,30939.0
2025-07-29 18:08:00+00:00,1.875,1.875,1.87,1.87,29038.0
2025-07-29 18:10:00+00:00,1.8701,1.88,1.87,1.88,4461.0
2025-07-29 18:12:00+00:00,1.8791,1.88,1.87,1.87,7908.0
2025-07-29 18:14:00+00:00,1.879,1.88,1.87,1.87,71975.0
2025-07-29 18:16:00+00:00,1.875,1.88,1.87,1.875,18514.0
2025-07-29 18:18:00+00:00,1.8781,1.88,1.87,1.875,46185.0
2025-07-29 18:20:00+00:00,1.8788,1.88,1.87,1.875,11156.0
2025-07-29 18:22:00+00:00,1.875,1.88,1.87,1.87,20534.0
2025-07-29 18:24:00+00:00,1.87,1.88,1.87,1.88,38528.0
2025-07-29 18:26:00+00:00,1.87,1.88,1.87,1.87,12656.0
2025-07-29 18:28:00+00:00,1.8705,1.88,1.87,1.871,30707.0
2025-07-29 18:30:00+00:00,1.88,1.88,1.87,1.87,43756.0
2025-07-29 18:32:00+00:00,1.88,1.881,1.87,1.875,58043.0
2025-07-29 18:34:00+00:00,1.871,1.8751,1.87,1.8751,10480.0
2025-07-29 18:36:00+00:00,1.875,1.88,1.87,1.875,40779.0
2025-07-29 18:38:00+00:00,1.879,1.88,1.87,1.875,30171.0
2025-07-29 18:40:00+00:00,1.87,1.88,1.87,1.875,17139.0
2025-07-29 18:42:00+00:00,1.87,1.88,1.87,1.87,27983.0
2025-07-29 18:44:00+00:00,1.875,1.88,1.87,1.8702,76422.0
2025-07-29 18:46:00+00:00,1.8701,1.88,1.86,1.865,32411.0
2025-07-29 18:48:00+00:00,1.8601,1.8681,1.86,1.8681,7453.0
2025-07-29 18:50:00+00:00,1.86,1.875,1.86,1.8701,33358.0
2025-07-29 18:52:00+00:00,1.872,1.8781,1.87,1.8781,13357.0
2025-07-29 18:54:00+00:00,1.8781,1.88,1.87,1.87,21614.0
2025-07-29 18:56:00+00:00,1.88,1.885,1.86,1.885,107135.0
2025-07-29 18:58:00+00:00,1.89,1.9,1.88,1.9,80538.0
2025-07-29 19:00:00+00:00,1.895,1.91,1.89,1.905,94536.0
2025-07-29 19:02:00+00:00,1.905,1.91,1.9,1.905,31045.0
2025-07-29 19:04:00+00:00,1.9002,1.91,1.9001,1.9093,7632.0
2025-07-29 19:06:00+00:00,1.91,1.91,1.89,1.8909,65634.0
2025-07-29 19:08:00+00:00,1.8919,1.9,1.89,1.895,23510.0
2025-07-29 19:10:00+00:00,1.895,1.9,1.88,1.8871,14700.0
2025-07-29 19:12:00+00:00,1.88,1.91,1.88,1.9,83368.0
2025-07-29 19:14:00+00:00,1.905,1.91,1.9,1.905,16200.0
2025-07-29 19:16:00+00:00,1.9001,1.91,1.9,1.905,11845.0
2025-07-29 19:18:00+00:00,1.905,1.905,1.9,1.9033,6397.0
2025-07-29 19:20:00+00:00,1.91,1.91,1.9,1.91,6355.0
2025-07-29 19:22:00+00:00,1.905,1.91,1.9,1.9097,7708.0
2025-07-29 19:24:00+00:00,1.91,1.91,1.9,1.9,20766.0
2025-07-29 19:26:00+00:00,1.9012,1.91,1.89,1.9016,114570.0
2025-07-29 19:28:00+00:00,1.9,1.9089,1.89,1.905,14208.0
2025-07-29 19:30:00+00:00,1.902,1.91,1.89,1.9,48470.0
2025-07-29 19:32:00+00:00,1.9,1.9,1.89,1.8922,16370.0
2025-07-29 19:34:00+00:00,1.895,1.9,1.89,1.895,9373.0
2025-07-29 19:36:00+00:00,1.895,1.9,1.88,1.895,70543.0
2025-07-29 19:38:00+00:00,1.9,1.9,1.88,1.898,47558.0
2025-07-29 19:40:00+00:00,1.9,1.9,1.88,1.89,62942.0
2025-07-29 19:42:00+00:00,1.892,1.892,1.87,1.8768,71246.0
2025-07-29 19:44:00+00:00,1.875,1.88,1.87,1.88,23230.0
2025-07-29 19:46:00+00:00,1.8753,1.88,1.87,1.87,33830.0
2025-07-29 19:48:00+00:00,1.87,1.88,1.86,1.87,95164.0
2025-07-29 19:50:00+00:00,1.875,1.89,1.87,1.884,81415.0
2025-07-29 19:52:00+00:00,1.8887,1.9,1.88,1.895,85695.0
2025-07-29 19:54:00+00:00,1.89,1.89,1.88,1.88,61261.0
2025-07-29 19:56:00+00:00,1.8887,1.89,1.875,1.89,104710.0
2025-07-29 19:58:00+00:00,1.89,1.9,1.86,1.87,212443.0
2025-07-29 20:00:00+00:00,1.87,1.87,1.86,1.86,18833.0
2025-07-29 20:02:00+00:00,1.86,1.87,1.85,1.8501,21289.0
2025-07-29 20:04:00+00:00,1.85,1.8502,1.84,1.8502,15950.0
2025-07-29 20:06:00+00:00,1.85,1.86,1.85,1.85,7043.0
2025-07-29 20:08:00+00:00,1.85,1.86,1.85,1.8504,7898.0
2025-07-29 20:10:00+00:00,1.85,1.8501,1.85,1.85,3026.0
2025-07-29 20:12:00+00:00,1.8504,1.86,1.85,1.86,3261.0
2025-07-29 20:14:00+00:00,1.86,1.86,1.85,1.8501,6974.0
2025-07-29 20:16:00+00:00,1.85,1.8501,1.84,1.8499,5749.0
2025-07-29 20:18:00+00:00,1.85,1.85,1.8404,1.85,3938.0
2025-07-29 20:20:00+00:00,1.85,1.85,1.84,1.84,8115.0
2025-07-29 20:22:00+00:00,1.86,1.86,1.84,1.85,1174.0
2025-07-29 20:24:00+00:00,1.85,1.85,1.84,1.84,6264.0
2025-07-29 20:26:00+00:00,1.84,1.85,1.84,1.85,4579.0
2025-07-29 20:28:00+00:00,1.84,1.85,1.83,1.83,19943.0
2025-07-29 20:30:00+00:00,1.83,1.84,1.83,1.83,5644.0
2025-07-29 20:32:00+00:00,1.83,1.84,1.83,1.835,7068.0
2025-07-29 20:34:00+00:00,1.83,1.83,1.83,1.83,10275.0
2025-07-29 20:36:00+00:00,1.84,1.84,1.835,1.835,395.0
2025-07-29 20:38:00+00:00,1.835,1.84,1.83,1.84,16838.0
2025-07-29 20:40:00+00:00,1.84,1.841,1.84,1.84,16624.0
2025-07-29 20:42:00+00:00,1.84,1.84,1.83,1.8301,33700.0
2025-07-29 20:44:00+00:00,1.83,1.84,1.83,1.84,20954.0
2025-07-29 20:46:00+00:00,1.83,1.84,1.83,1.84,12725.0
2025-07-29 20:48:00+00:00,1.84,1.85,1.84,1.85,18911.0
2025-07-29 20:50:00+00:00,1.85,1.86,1.85,1.85,2434.0
2025-07-29 20:52:00+00:00,1.85,1.86,1.85,1.8599,2201.0
2025-07-29 20:54:00+00:00,1.85,1.86,1.85,1.86,4548.0
2025-07-29 20:56:00+00:00,1.85,1.85,1.84,1.85,9837.0
2025-07-29 20:58:00+00:00,1.85,1.86,1.85,1.86,3029.0
2025-07-29 21:00:00+00:00,1.85,1.85,1.84,1.845,10040.0
2025-07-29 21:02:00+00:00,1.84,1.84,1.8301,1.8301,2049.0
2025-07-29 21:04:00+00:00,1.83,1.839,1.83,1.83,3230.0
2025-07-29 21:06:00+00:00,1.83,1.8301,1.83,1.83,2787.0
2025-07-29 21:08:00+00:00,1.83,1.84,1.83,1.84,6911.0
2025-07-29 21:10:00+00:00,1.84,1.84,1.84,1.84,1276.0
2025-07-29 21:14:00+00:00,1.84,1.84,1.84,1.84,818.0
2025-07-29 21:16:00+00:00,1.84,1.84,1.84,1.84,2740.0
2025-07-29 21:18:00+00:00,1.84,1.84,1.84,1.84,1924.0
2025-07-29 21:20:00+00:00,1.84,1.85,1.84,1.84,2363.0
2025-07-29 21:22:00+00:00,1.85,1.85,1.84,1.84,23939.0
2025-07-29 21:24:00+00:00,1.85,1.86,1.85,1.85,4035.0
2025-07-29 21:26:00+00:00,1.85,1.85,1.84,1.8401,8811.0
2025-07-29 21:28:00+00:00,1.85,1.86,1.8499,1.85,8656.0
2025-07-29 21:30:00+00:00,1.85,1.85,1.85,1.85,433.0
2025-07-29 21:34:00+00:00,1.85,1.85,1.85,1.85,212.0
2025-07-29 21:36:00+00:00,1.86,1.86,1.85,1.85,1075.0
2025-07-29 21:38:00+00:00,1.86,1.86,1.85,1.8501,4135.0
2025-07-29 21:40:00+00:00,1.84,1.84,1.84,1.84,1842.0
2025-07-29 21:42:00+00:00,1.84,1.85,1.84,1.84,865.0
2025-07-29 21:44:00+00:00,1.84,1.8402,1.84,1.84,2381.0
2025-07-29 21:46:00+00:00,1.85,1.85,1.8499,1.85,10833.0
2025-07-29 21:48:00+00:00,1.85,1.86,1.85,1.86,1819.0
2025-07-29 21:50:00+00:00,1.86,1.86,1.85,1.86,965.0
2025-07-29 21:52:00+00:00,1.85,1.86,1.85,1.85,2350.0
2025-07-29 21:54:00+00:00,1.86,1.86,1.85,1.85,2116.0
2025-07-29 21:56:00+00:00,1.85,1.86,1.85,1.8599,783.0
2025-07-29 21:58:00+00:00,1.85,1.85,1.85,1.85,195.0
2025-07-29 22:00:00+00:00,1.85,1.85,1.85,1.85,160.0
2025-07-29 22:02:00+00:00,1.85,1.86,1.85,1.86,2435.0
2025-07-29 22:06:00+00:00,1.85,1.85,1.85,1.85,734.0
2025-07-29 22:08:00+00:00,1.85,1.85,1.85,1.85,304.0
2025-07-29 22:10:00+00:00,1.85,1.86,1.85,1.85,6726.0
2025-07-29 22:12:00+00:00,1.8598,1.8598,1.85,1.85,2649.0
2025-07-29 22:14:00+00:00,1.86,1.86,1.86,1.86,242.0
2025-07-29 22:16:00+00:00,1.86,1.86,1.85,1.85,3301.0
2025-07-29 22:18:00+00:00,1.85,1.85,1.85,1.85,2685.0
2025-07-29 22:20:00+00:00,1.85,1.86,1.85,1.85,1624.0
2025-07-29 22:22:00+00:00,1.85,1.85,1.85,1.85,302.0
2025-07-29 22:24:00+00:00,1.86,1.86,1.85,1.85,812.0
2025-07-29 22:26:00+00:00,1.85,1.85,1.85,1.85,211.0
2025-07-29 22:28:00+00:00,1.85,1.855,1.85,1.855,328.0
2025-07-29 22:30:00+00:00,1.855,1.855,1.85,1.85,3075.0
2025-07-29 22:32:00+00:00,1.85,1.85,1.85,1.85,891.0
2025-07-29 22:34:00+00:00,1.85,1.85,1.85,1.85,600.0
2025-07-29 22:36:00+00:00,1.85,1.855,1.85,1.855,728.0
2025-07-29 22:38:00+00:00,1.85,1.85,1.85,1.85,354.0
2025-07-29 22:44:00+00:00,1.85,1.85,1.85,1.85,1354.0
2025-07-29 22:46:00+00:00,1.85,1.85,1.85,1.85,575.0
2025-07-29 22:48:00+00:00,1.85,1.85,1.84,1.84,10748.0
2025-07-29 22:50:00+00:00,1.84,1.84,1.84,1.84,13513.0
2025-07-29 22:52:00+00:00,1.84,1.85,1.84,1.85,971.0
2025-07-29 22:54:00+00:00,1.845,1.845,1.84,1.84,1814.0
2025-07-29 22:56:00+00:00,1.8497,1.8497,1.8497,1.8497,251.0
2025-07-29 22:58:00+00:00,1.84,1.84,1.84,1.84,185.0
2025-07-29 23:00:00+00:00,1.84,1.84,1.84,1.84,737.0
2025-07-29 23:02:00+00:00,1.84,1.84,1.84,1.84,250.0
2025-07-29 23:04:00+00:00,1.84,1.85,1.84,1.85,1374.0
2025-07-29 23:06:00+00:00,1.85,1.85,1.84,1.84,1240.0
2025-07-29 23:10:00+00:00,1.845,1.85,1.845,1.85,13477.0
2025-07-29 23:14:00+00:00,1.85,1.85,1.85,1.85,376.0
2025-07-29 23:16:00+00:00,1.85,1.85,1.85,1.85,263.0
2025-07-29 23:18:00+00:00,1.855,1.8599,1.855,1.8599,1164.0
2025-07-29 23:20:00+00:00,1.85,1.85,1.85,1.85,3262.0
2025-07-29 23:24:00+00:00,1.85,1.85,1.85,1.85,100.0
2025-07-29 23:26:00+00:00,1.85,1.85,1.85,1.85,3508.0
2025-07-29 23:30:00+00:00,1.8503,1.8503,1.85,1.85,360.0
2025-07-29 23:38:00+00:00,1.85,1.8501,1.85,1.8501,242.0
2025-07-29 23:40:00+00:00,1.85,1.85,1.85,1.85,363.0
2025-07-29 23:42:00+00:00,1.85,1.8501,1.85,1.8501,811.0
2025-07-29 23:44:00+00:00,1.85,1.85,1.85,1.85,1304.0
2025-07-29 23:46:00+00:00,1.85,1.85,1.85,1.85,678.0
2025-07-29 23:48:00+00:00,1.85,1.8503,1.85,1.8503,1160.0
2025-07-29 23:50:00+00:00,1.85,1.85,1.85,1.85,1256.0
2025-07-29 23:52:00+00:00,1.85,1.8501,1.85,1.85,6845.0
2025-07-29 23:54:00+00:00,1.85,1.8503,1.85,1.85,5407.0
2025-07-29 23:56:00+00:00,1.86,1.86,1.86,1.86,3504.0
2025-07-29 23:58:00+00:00,1.85,1.86,1.85,1.86,4896.0
